n=0	energy=0.23741(0.00184)
n=1	energy=1.74160(0.00135)
